0 0 0 0 0 0 0 0 0 0 0 0 0 0 0 0 0 0 0 0 0 0 0 0 0 0 0 0 0 0 0 0 0 0 0 0 0 0 0 0 0 0 0 0 0 0 0 0 0 0 0 0 0 0 0 0 0 0 0 0 0 0 0 0 0 -0 -0 -0 -0 -0 -0 -0 -0 -0 -0 -0 -0 -0 -0 -0 -0 -0 -0 -0 -0 -0 -0 -0 -0 -0 -0 -0 -0 -0 -0 -0 -0 -0 -0 -0 -0 -0 -0 -0 -0 -0 -0 -0 -0 -0 -0 -0 -0 -0 -0 -0 -0 -0 -0 -0 -0 -0 -0 -0 -0 -0 -0 -0 
0 2.41129e-06 4.81678e-06 7.21065e-06 9.58716e-06 1.19406e-05 1.42652e-05 1.65555e-05 1.88059e-05 2.1011e-05 2.31655e-05 2.52641e-05 2.73019e-05 2.9274e-05 3.11755e-05 3.30019e-05 3.47488e-05 3.64119e-05 3.79874e-05 3.94714e-05 4.08602e-05 4.21506e-05 4.33395e-05 4.4424e-05 4.54014e-05 4.62695e-05 4.70261e-05 4.76694e-05 4.81979e-05 4.86103e-05 4.89055e-05 4.9083e-05 4.91422e-05 4.9083e-05 4.89055e-05 4.86103e-05 4.81979e-05 4.76694e-05 4.70261e-05 4.62695e-05 4.54014e-05 4.4424e-05 4.33395e-05 4.21506e-05 4.08602e-05 3.94714e-05 3.79874e-05 3.64119e-05 3.47488e-05 3.30019e-05 3.11755e-05 2.9274e-05 2.73019e-05 2.52641e-05 2.31655e-05 2.1011e-05 1.88059e-05 1.65555e-05 1.42652e-05 1.19406e-05 9.58716e-06 7.21065e-06 4.81678e-06 2.41129e-06 6.01818e-21 -2.41129e-06 -4.81678e-06 -7.21065e-06 -9.58716e-06 -1.19406e-05 -1.42652e-05 -1.65555e-05 -1.88059e-05 -2.1011e-05 -2.31655e-05 -2.52641e-05 -2.73019e-05 -2.9274e-05 -3.11755e-05 -3.30019e-05 -3.47488e-05 -3.64119e-05 -3.79874e-05 -3.94714e-05 -4.08602e-05 -4.21506e-05 -4.33395e-05 -4.4424e-05 -4.54014e-05 -4.62695e-05 -4.70261e-05 -4.76694e-05 -4.81979e-05 -4.86103e-05 -4.89055e-05 -4.9083e-05 -4.91422e-05 -4.9083e-05 -4.89055e-05 -4.86103e-05 -4.81979e-05 -4.76694e-05 -4.70261e-05 -4.62695e-05 -4.54014e-05 -4.4424e-05 -4.33395e-05 -4.21506e-05 -4.08602e-05 -3.94714e-05 -3.79874e-05 -3.64119e-05 -3.47488e-05 -3.30019e-05 -3.11755e-05 -2.9274e-05 -2.73019e-05 -2.52641e-05 -2.31655e-05 -2.1011e-05 -1.88059e-05 -1.65555e-05 -1.42652e-05 -1.19406e-05 -9.58716e-06 -7.21065e-06 -4.81678e-06 -2.41129e-06 
0 4.81678e-06 9.62195e-06 1.44039e-05 1.91512e-05 2.38524e-05 2.84961e-05 3.30711e-05 3.75665e-05 4.19714e-05 4.62751e-05 5.04674e-05 5.45381e-05 5.84774e-05 6.22758e-05 6.59242e-05 6.94138e-05 7.27362e-05 7.58833e-05 7.88476e-05 8.1622e-05 8.41997e-05 8.65746e-05 8.8741e-05 9.06935e-05 9.24276e-05 9.3939e-05 9.5224e-05 9.62797e-05 9.71035e-05 9.76933e-05 9.80477e-05 9.8166e-05 9.80477e-05 9.76933e-05 9.71035e-05 9.62797e-05 9.5224e-05 9.3939e-05 9.24276e-05 9.06935e-05 8.8741e-05 8.65746e-05 8.41997e-05 8.1622e-05 7.88476e-05 7.58833e-05 7.27362e-05 6.94138e-05 6.59242e-05 6.22758e-05 5.84774e-05 5.45381e-05 5.04674e-05 4.62751e-05 4.19714e-05 3.75665e-05 3.30711e-05 2.84961e-05 2.38524e-05 1.91512e-05 1.44039e-05 9.62195e-06 4.81678e-06 1.20219e-20 -4.81678e-06 -9.62195e-06 -1.44039e-05 -1.91512e-05 -2.38524e-05 -2.84961e-05 -3.30711e-05 -3.75665e-05 -4.19714e-05 -4.62751e-05 -5.04674e-05 -5.45381e-05 -5.84774e-05 -6.22758e-05 -6.59242e-05 -6.94138e-05 -7.27362e-05 -7.58833e-05 -7.88476e-05 -8.1622e-05 -8.41997e-05 -8.65746e-05 -8.8741e-05 -9.06935e-05 -9.24276e-05 -9.3939e-05 -9.5224e-05 -9.62797e-05 -9.71035e-05 -9.76933e-05 -9.80477e-05 -9.8166e-05 -9.80477e-05 -9.76933e-05 -9.71035e-05 -9.62797e-05 -9.5224e-05 -9.3939e-05 -9.24276e-05 -9.06935e-05 -8.8741e-05 -8.65746e-05 -8.41997e-05 -8.1622e-05 -7.88476e-05 -7.58833e-05 -7.27362e-05 -6.94138e-05 -6.59242e-05 -6.22758e-05 -5.84774e-05 -5.45381e-05 -5.04674e-05 -4.62751e-05 -4.19714e-05 -3.75665e-05 -3.30711e-05 -2.84961e-05 -2.38524e-05 -1.91512e-05 -1.44039e-05 -9.62195e-06 -4.81678e-06 
0 7.21065e-06 1.44039e-05 2.15625e-05 2.86692e-05 3.57067e-05 4.26583e-05 4.95071e-05 5.62366e-05 6.28306e-05 6.92733e-05 7.55491e-05 8.16429e-05 8.75399e-05 9.32262e-05 9.86878e-05 0.000103912 0.000108885 0.000113596 0.000118034 0.000122187 0.000126046 0.000129601 0.000132844 0.000135767 0.000138363 0.000140625 0.000142549 0.00014413 0.000145363 0.000146246 0.000146776 0.000146953 0.000146776 0.000146246 0.000145363 0.00014413 0.000142549 0.000140625 0.000138363 0.000135767 0.000132844 0.000129601 0.000126046 0.000122187 0.000118034 0.000113596 0.000108885 0.000103912 9.86878e-05 9.32262e-05 8.75399e-05 8.16429e-05 7.55491e-05 6.92733e-05 6.28306e-05 5.62366e-05 4.95071e-05 4.26583e-05 3.57067e-05 2.86692e-05 2.15625e-05 1.44039e-05 7.21065e-06 1.79966e-20 -7.21065e-06 -1.44039e-05 -2.15625e-05 -2.86692e-05 -3.57067e-05 -4.26583e-05 -4.95071e-05 -5.62366e-05 -6.28306e-05 -6.92733e-05 -7.55491e-05 -8.16429e-05 -8.75399e-05 -9.32262e-05 -9.86878e-05 -0.000103912 -0.000108885 -0.000113596 -0.000118034 -0.000122187 -0.000126046 -0.000129601 -0.000132844 -0.000135767 -0.000138363 -0.000140625 -0.000142549 -0.00014413 -0.000145363 -0.000146246 -0.000146776 -0.000146953 -0.000146776 -0.000146246 -0.000145363 -0.00014413 -0.000142549 -0.000140625 -0.000138363 -0.000135767 -0.000132844 -0.000129601 -0.000126046 -0.000122187 -0.000118034 -0.000113596 -0.000108885 -0.000103912 -9.86878e-05 -9.32262e-05 -8.75399e-05 -8.16429e-05 -7.55491e-05 -6.92733e-05 -6.28306e-05 -5.62366e-05 -4.95071e-05 -4.26583e-05 -3.57067e-05 -2.86692e-05 -2.15625e-05 -1.44039e-05 -7.21065e-06 
0 9.58716e-06 1.91512e-05 2.86692e-05 3.8118e-05 4.74751e-05 5.67177e-05 6.58237e-05 7.47712e-05 8.35385e-05 9.21046e-05 0.000100449 0.000108551 0.000116392 0.000123952 0.000131214 0.000138159 0.000144772 0.000151036 0.000156936 0.000162458 0.000167589 0.000172316 0.000176627 0.000180514 0.000183965 0.000186973 0.000189531 0.000191632 0.000193272 0.000194446 0.000195151 0.000195387 0.000195151 0.000194446 0.000193272 0.000191632 0.000189531 0.000186973 0.000183965 0.000180514 0.000176627 0.000172316 0.000167589 0.000162458 0.000156936 0.000151036 0.000144772 0.000138159 0.000131214 0.000123952 0.000116392 0.000108551 0.000100449 9.21046e-05 8.35385e-05 7.47712e-05 6.58237e-05 5.67177e-05 4.74751e-05 3.8118e-05 2.86692e-05 1.91512e-05 9.58716e-06 2.39279e-20 -9.58716e-06 -1.91512e-05 -2.86692e-05 -3.8118e-05 -4.74751e-05 -5.67177e-05 -6.58237e-05 -7.47712e-05 -8.35385e-05 -9.21046e-05 -0.000100449 -0.000108551 -0.000116392 -0.000123952 -0.000131214 -0.000138159 -0.000144772 -0.000151036 -0.000156936 -0.000162458 -0.000167589 -0.000172316 -0.000176627 -0.000180514 -0.000183965 -0.000186973 -0.000189531 -0.000191632 -0.000193272 -0.000194446 -0.000195151 -0.000195387 -0.000195151 -0.000194446 -0.000193272 -0.000191632 -0.000189531 -0.000186973 -0.000183965 -0.000180514 -0.000176627 -0.000172316 -0.000167589 -0.000162458 -0.000156936 -0.000151036 -0.000144772 -0.000138159 -0.000131214 -0.000123952 -0.000116392 -0.000108551 -0.000100449 -9.21046e-05 -8.35385e-05 -7.47712e-05 -6.58237e-05 -5.67177e-05 -4.74751e-05 -3.8118e-05 -2.86692e-05 -1.91512e-05 -9.58716e-06 
0 1.19406e-05 2.38524e-05 3.57067e-05 4.74751e-05 5.9129e-05 7.06405e-05 8.19818e-05 9.31257e-05 0.000104045 0.000114714 0.000125106 0.000135198 0.000144963 0.000154379 0.000163423 0.000172074 0.00018031 0.000188111 0.00019546 0.000202337 0.000208727 0.000214615 0.000219985 0.000224825 0.000229124 0.000232871 0.000236056 0.000238673 0.000240715 0.000242177 0.000243056 0.000243349 0.000243056 0.000242177 0.000240715 0.000238673 0.000236056 0.000232871 0.000229124 0.000224825 0.000219985 0.000214615 0.000208727 0.000202337 0.00019546 0.000188111 0.00018031 0.000172074 0.000163423 0.000154379 0.000144963 0.000135198 0.000125106 0.000114714 0.000104045 9.31257e-05 8.19818e-05 7.06405e-05 5.9129e-05 4.74751e-05 3.57067e-05 2.38524e-05 1.19406e-05 2.98017e-20 -1.19406e-05 -2.38524e-05 -3.57067e-05 -4.74751e-05 -5.9129e-05 -7.06405e-05 -8.19818e-05 -9.31257e-05 -0.000104045 -0.000114714 -0.000125106 -0.000135198 -0.000144963 -0.000154379 -0.000163423 -0.000172074 -0.00018031 -0.000188111 -0.00019546 -0.000202337 -0.000208727 -0.000214615 -0.000219985 -0.000224825 -0.000229124 -0.000232871 -0.000236056 -0.000238673 -0.000240715 -0.000242177 -0.000243056 -0.000243349 -0.000243056 -0.000242177 -0.000240715 -0.000238673 -0.000236056 -0.000232871 -0.000229124 -0.000224825 -0.000219985 -0.000214615 -0.000208727 -0.000202337 -0.00019546 -0.000188111 -0.00018031 -0.000172074 -0.000163423 -0.000154379 -0.000144963 -0.000135198 -0.000125106 -0.000114714 -0.000104045 -9.31257e-05 -8.19818e-05 -7.06405e-05 -5.9129e-05 -4.74751e-05 -3.57067e-05 -2.38524e-05 -1.19406e-05 
0 1.42652e-05 2.84961e-05 4.26583e-05 5.67177e-05 7.06405e-05 8.43931e-05 9.79424e-05 0.000111256 0.000124301 0.000137047 0.000149463 0.000161518 0.000173185 0.000184434 0.000195239 0.000205574 0.000215413 0.000224734 0.000233513 0.000241729 0.000249363 0.000256397 0.000262813 0.000268595 0.000273731 0.000278207 0.000282013 0.000285139 0.000287579 0.000289325 0.000290375 0.000290725 0.000290375 0.000289325 0.000287579 0.000285139 0.000282013 0.000278207 0.000273731 0.000268595 0.000262813 0.000256397 0.000249363 0.000241729 0.000233513 0.000224734 0.000215413 0.000205574 0.000195239 0.000184434 0.000173185 0.000161518 0.000149463 0.000137047 0.000124301 0.000111256 9.79424e-05 8.43931e-05 7.06405e-05 5.67177e-05 4.26583e-05 2.84961e-05 1.42652e-05 3.56036e-20 -1.42652e-05 -2.84961e-05 -4.26583e-05 -5.67177e-05 -7.06405e-05 -8.43931e-05 -9.79424e-05 -0.000111256 -0.000124301 -0.000137047 -0.000149463 -0.000161518 -0.000173185 -0.000184434 -0.000195239 -0.000205574 -0.000215413 -0.000224734 -0.000233513 -0.000241729 -0.000249363 -0.000256397 -0.000262813 -0.000268595 -0.000273731 -0.000278207 -0.000282013 -0.000285139 -0.000287579 -0.000289325 -0.000290375 -0.000290725 -0.000290375 -0.000289325 -0.000287579 -0.000285139 -0.000282013 -0.000278207 -0.000273731 -0.000268595 -0.000262813 -0.000256397 -0.000249363 -0.000241729 -0.000233513 -0.000224734 -0.000215413 -0.000205574 -0.000195239 -0.000184434 -0.000173185 -0.000161518 -0.000149463 -0.000137047 -0.000124301 -0.000111256 -9.79424e-05 -8.43931e-05 -7.06405e-05 -5.67177e-05 -4.26583e-05 -2.84961e-05 -1.42652e-05 
0 1.65555e-05 3.30711e-05 4.95071e-05 6.58237e-05 8.19818e-05 9.79424e-05 0.000113667 0.000129118 0.000144258 0.00015905 0.000173459 0.00018745 0.00020099 0.000214045 0.000226585 0.000238579 0.000249998 0.000260815 0.000271003 0.000280539 0.000289399 0.000297561 0.000305007 0.000311718 0.000317678 0.000322873 0.00032729 0.000330918 0.000333749 0.000335777 0.000336995 0.000337401 0.000336995 0.000335777 0.000333749 0.000330918 0.00032729 0.000322873 0.000317678 0.000311718 0.000305007 0.000297561 0.000289399 0.000280539 0.000271003 0.000260815 0.000249998 0.000238579 0.000226585 0.000214045 0.00020099 0.00018745 0.000173459 0.00015905 0.000144258 0.000129118 0.000113667 9.79424e-05 8.19818e-05 6.58237e-05 4.95071e-05 3.30711e-05 1.65555e-05 4.13197e-20 -1.65555e-05 -3.30711e-05 -4.95071e-05 -6.58237e-05 -8.19818e-05 -9.79424e-05 -0.000113667 -0.000129118 -0.000144258 -0.00015905 -0.000173459 -0.00018745 -0.00020099 -0.000214045 -0.000226585 -0.000238579 -0.000249998 -0.000260815 -0.000271003 -0.000280539 -0.000289399 -0.000297561 -0.000305007 -0.000311718 -0.000317678 -0.000322873 -0.00032729 -0.000330918 -0.000333749 -0.000335777 -0.000336995 -0.000337401 -0.000336995 -0.000335777 -0.000333749 -0.000330918 -0.00032729 -0.000322873 -0.000317678 -0.000311718 -0.000305007 -0.000297561 -0.000289399 -0.000280539 -0.000271003 -0.000260815 -0.000249998 -0.000238579 -0.000226585 -0.000214045 -0.00020099 -0.00018745 -0.000173459 -0.00015905 -0.000144258 -0.000129118 -0.000113667 -9.79424e-05 -8.19818e-05 -6.58237e-05 -4.95071e-05 -3.30711e-05 -1.65555e-05 
0 1.88059e-05 3.75665e-05 5.62366e-05 7.47712e-05 9.31257e-05 0.000111256 0.000129118 0.000146669 0.000163867 0.00018067 0.000197037 0.00021293 0.00022831 0.00024314 0.000257385 0.000271009 0.00028398 0.000296267 0.000307841 0.000318673 0.000328737 0.000338009 0.000346467 0.00035409 0.00036086 0.000366761 0.000371778 0.0003759 0.000379116 0.000381419 0.000382803 0.000383264 0.000382803 0.000381419 0.000379116 0.0003759 0.000371778 0.000366761 0.00036086 0.00035409 0.000346467 0.000338009 0.000328737 0.000318673 0.000307841 0.000296267 0.00028398 0.000271009 0.000257385 0.00024314 0.00022831 0.00021293 0.000197037 0.00018067 0.000163867 0.000146669 0.000129118 0.000111256 9.31257e-05 7.47712e-05 5.62366e-05 3.75665e-05 1.88059e-05 4.69364e-20 -1.88059e-05 -3.75665e-05 -5.62366e-05 -7.47712e-05 -9.31257e-05 -0.000111256 -0.000129118 -0.000146669 -0.000163867 -0.00018067 -0.000197037 -0.00021293 -0.00022831 -0.00024314 -0.000257385 -0.000271009 -0.00028398 -0.000296267 -0.000307841 -0.000318673 -0.000328737 -0.000338009 -0.000346467 -0.00035409 -0.00036086 -0.000366761 -0.000371778 -0.0003759 -0.000379116 -0.000381419 -0.000382803 -0.000383264 -0.000382803 -0.000381419 -0.000379116 -0.0003759 -0.000371778 -0.000366761 -0.00036086 -0.00035409 -0.000346467 -0.000338009 -0.000328737 -0.000318673 -0.000307841 -0.000296267 -0.00028398 -0.000271009 -0.000257385 -0.00024314 -0.00022831 -0.00021293 -0.000197037 -0.00018067 -0.000163867 -0.000146669 -0.000129118 -0.000111256 -9.31257e-05 -7.47712e-05 -5.62366e-05 -3.75665e-05 -1.88059e-05 
0 2.1011e-05 4.19714e-05 6.28306e-05 8.35385e-05 0.000104045 0.000124301 0.000144258 0.000163867 0.000183081 0.000201854 0.000220141 0.000237898 0.000255081 0.00027165 0.000287564 0.000302786 0.000317278 0.000331006 0.000343937 0.000356039 0.000367283 0.000377642 0.000387092 0.000395609 0.000403173 0.000409766 0.000415371 0.000419976 0.00042357 0.000426142 0.000427688 0.000428204 0.000427688 0.000426142 0.00042357 0.000419976 0.000415371 0.000409766 0.000403173 0.000395609 0.000387092 0.000377642 0.000367283 0.000356039 0.000343937 0.000331006 0.000317278 0.000302786 0.000287564 0.00027165 0.000255081 0.000237898 0.000220141 0.000201854 0.000183081 0.000163867 0.000144258 0.000124301 0.000104045 8.35385e-05 6.28306e-05 4.19714e-05 2.1011e-05 5.24399e-20 -2.1011e-05 -4.19714e-05 -6.28306e-05 -8.35385e-05 -0.000104045 -0.000124301 -0.000144258 -0.000163867 -0.000183081 -0.000201854 -0.000220141 -0.000237898 -0.000255081 -0.00027165 -0.000287564 -0.000302786 -0.000317278 -0.000331006 -0.000343937 -0.000356039 -0.000367283 -0.000377642 -0.000387092 -0.000395609 -0.000403173 -0.000409766 -0.000415371 -0.000419976 -0.00042357 -0.000426142 -0.000427688 -0.000428204 -0.000427688 -0.000426142 -0.00042357 -0.000419976 -0.000415371 -0.000409766 -0.000403173 -0.000395609 -0.000387092 -0.000377642 -0.000367283 -0.000356039 -0.000343937 -0.000331006 -0.000317278 -0.000302786 -0.000287564 -0.00027165 -0.000255081 -0.000237898 -0.000220141 -0.000201854 -0.000183081 -0.000163867 -0.000144258 -0.000124301 -0.000104045 -8.35385e-05 -6.28306e-05 -4.19714e-05 -2.1011e-05 
0 2.31655e-05 4.62751e-05 6.92733e-05 9.21046e-05 0.000114714 0.000137047 0.00015905 0.00018067 0.000201854 0.000222552 0.000242714 0.000262292 0.000281237 0.000299505 0.000317051 0.000333834 0.000349812 0.000364948 0.000379204 0.000392547 0.000404944 0.000416366 0.000426785 0.000436175 0.000444515 0.000451783 0.000457964 0.000463041 0.000467003 0.000469839 0.000471544 0.000472112 0.000471544 0.000469839 0.000467003 0.000463041 0.000457964 0.000451783 0.000444515 0.000436175 0.000426785 0.000416366 0.000404944 0.000392547 0.000379204 0.000364948 0.000349812 0.000333834 0.000317051 0.000299505 0.000281237 0.000262292 0.000242714 0.000222552 0.000201854 0.00018067 0.00015905 0.000137047 0.000114714 9.21046e-05 6.92733e-05 4.62751e-05 2.31655e-05 5.78171e-20 -2.31655e-05 -4.62751e-05 -6.92733e-05 -9.21046e-05 -0.000114714 -0.000137047 -0.00015905 -0.00018067 -0.000201854 -0.000222552 -0.000242714 -0.000262292 -0.000281237 -0.000299505 -0.000317051 -0.000333834 -0.000349812 -0.000364948 -0.000379204 -0.000392547 -0.000404944 -0.000416366 -0.000426785 -0.000436175 -0.000444515 -0.000451783 -0.000457964 -0.000463041 -0.000467003 -0.000469839 -0.000471544 -0.000472112 -0.000471544 -0.000469839 -0.000467003 -0.000463041 -0.000457964 -0.000451783 -0.000444515 -0.000436175 -0.000426785 -0.000416366 -0.000404944 -0.000392547 -0.000379204 -0.000364948 -0.000349812 -0.000333834 -0.000317051 -0.000299505 -0.000281237 -0.000262292 -0.000242714 -0.000222552 -0.000201854 -0.00018067 -0.00015905 -0.000137047 -0.000114714 -9.21046e-05 -6.92733e-05 -4.62751e-05 -2.31655e-05 
0 2.52641e-05 5.04674e-05 7.55491e-05 0.000100449 0.000125106 0.000149463 0.000173459 0.000197037 0.000220141 0.000242714 0.000264703 0.000286054 0.000306716 0.000326638 0.000345774 0.000364077 0.000381503 0.00039801 0.000413558 0.00042811 0.00044163 0.000454087 0.000465449 0.00047569 0.000484785 0.000492713 0.000499453 0.00050499 0.00050931 0.000512404 0.000514263 0.000514883 0.000514263 0.000512404 0.00050931 0.00050499 0.000499453 0.000492713 0.000484785 0.00047569 0.000465449 0.000454087 0.00044163 0.00042811 0.000413558 0.00039801 0.000381503 0.000364077 0.000345774 0.000326638 0.000306716 0.000286054 0.000264703 0.000242714 0.000220141 0.000197037 0.000173459 0.000149463 0.000125106 0.000100449 7.55491e-05 5.04674e-05 2.52641e-05 6.3055e-20 -2.52641e-05 -5.04674e-05 -7.55491e-05 -0.000100449 -0.000125106 -0.000149463 -0.000173459 -0.000197037 -0.000220141 -0.000242714 -0.000264703 -0.000286054 -0.000306716 -0.000326638 -0.000345774 -0.000364077 -0.000381503 -0.00039801 -0.000413558 -0.00042811 -0.00044163 -0.000454087 -0.000465449 -0.00047569 -0.000484785 -0.000492713 -0.000499453 -0.00050499 -0.00050931 -0.000512404 -0.000514263 -0.000514883 -0.000514263 -0.000512404 -0.00050931 -0.00050499 -0.000499453 -0.000492713 -0.000484785 -0.00047569 -0.000465449 -0.000454087 -0.00044163 -0.00042811 -0.000413558 -0.00039801 -0.000381503 -0.000364077 -0.000345774 -0.000326638 -0.000306716 -0.000286054 -0.000264703 -0.000242714 -0.000220141 -0.000197037 -0.000173459 -0.000149463 -0.000125106 -0.000100449 -7.55491e-05 -5.04674e-05 -2.52641e-05 
0 2.73019e-05 5.45381e-05 8.16429e-05 0.000108551 0.000135198 0.000161518 0.00018745 0.00021293 0.000237898 0.000262292 0.000286054 0.000309127 0.000331455 0.000352985 0.000373665 0.000393444 0.000412275 0.000430114 0.000446916 0.000462641 0.000477252 0.000490713 0.000502992 0.000514059 0.000523888 0.000532455 0.000539739 0.000545722 0.000550391 0.000553734 0.000555744 0.000556414 0.000555744 0.000553734 0.000550391 0.000545722 0.000539739 0.000532455 0.000523888 0.000514059 0.000502992 0.000490713 0.000477252 0.000462641 0.000446916 0.000430114 0.000412275 0.000393444 0.000373665 0.000352985 0.000331455 0.000309127 0.000286054 0.000262292 0.000237898 0.00021293 0.00018745 0.000161518 0.000135198 0.000108551 8.16429e-05 5.45381e-05 2.73019e-05 6.8141e-20 -2.73019e-05 -5.45381e-05 -8.16429e-05 -0.000108551 -0.000135198 -0.000161518 -0.00018745 -0.00021293 -0.000237898 -0.000262292 -0.000286054 -0.000309127 -0.000331455 -0.000352985 -0.000373665 -0.000393444 -0.000412275 -0.000430114 -0.000446916 -0.000462641 -0.000477252 -0.000490713 -0.000502992 -0.000514059 -0.000523888 -0.000532455 -0.000539739 -0.000545722 -0.000550391 -0.000553734 -0.000555744 -0.000556414 -0.000555744 -0.000553734 -0.000550391 -0.000545722 -0.000539739 -0.000532455 -0.000523888 -0.000514059 -0.000502992 -0.000490713 -0.000477252 -0.000462641 -0.000446916 -0.000430114 -0.000412275 -0.000393444 -0.000373665 -0.000352985 -0.000331455 -0.000309127 -0.000286054 -0.000262292 -0.000237898 -0.00021293 -0.00018745 -0.000161518 -0.000135198 -0.000108551 -8.16429e-05 -5.45381e-05 -2.73019e-05 
0 2.9274e-05 5.84774e-05 8.75399e-05 0.000116392 0.000144963 0.000173185 0.00020099 0.00022831 0.000255081 0.000281237 0.000306716 0.000331455 0.000355396 0.000378481 0.000400655 0.000421863 0.000442054 0.000461181 0.000479197 0.000496058 0.000511724 0.000526158 0.000539323 0.00055119 0.000561729 0.000570914 0.000578724 0.00058514 0.000590146 0.000593731 0.000595885 0.000596604 0.000595885 0.000593731 0.000590146 0.00058514 0.000578724 0.000570914 0.000561729 0.00055119 0.000539323 0.000526158 0.000511724 0.000496058 0.000479197 0.000461181 0.000442054 0.000421863 0.000400655 0.000378481 0.000355396 0.000331455 0.000306716 0.000281237 0.000255081 0.00022831 0.00020099 0.000173185 0.000144963 0.000116392 8.75399e-05 5.84774e-05 2.9274e-05 7.30629e-20 -2.9274e-05 -5.84774e-05 -8.75399e-05 -0.000116392 -0.000144963 -0.000173185 -0.00020099 -0.00022831 -0.000255081 -0.000281237 -0.000306716 -0.000331455 -0.000355396 -0.000378481 -0.000400655 -0.000421863 -0.000442054 -0.000461181 -0.000479197 -0.000496058 -0.000511724 -0.000526158 -0.000539323 -0.00055119 -0.000561729 -0.000570914 -0.000578724 -0.00058514 -0.000590146 -0.000593731 -0.000595885 -0.000596604 -0.000595885 -0.000593731 -0.000590146 -0.00058514 -0.000578724 -0.000570914 -0.000561729 -0.00055119 -0.000539323 -0.000526158 -0.000511724 -0.000496058 -0.000479197 -0.000461181 -0.000442054 -0.000421863 -0.000400655 -0.000378481 -0.000355396 -0.000331455 -0.000306716 -0.000281237 -0.000255081 -0.00022831 -0.00020099 -0.000173185 -0.000144963 -0.000116392 -8.75399e-05 -5.84774e-05 -2.9274e-05 
0 3.11755e-05 6.22758e-05 9.32262e-05 0.000123952 0.000154379 0.000184434 0.000214045 0.00024314 0.00027165 0.000299505 0.000326638 0.000352985 0.000378481 0.000403066 0.000426679 0.000449265 0.000470768 0.000491137 0.000510323 0.00052828 0.000544963 0.000560334 0.000574355 0.000586993 0.000598216 0.000607998 0.000616316 0.000623148 0.00062848 0.000632297 0.000634591 0.000635356 0.000634591 0.000632297 0.00062848 0.000623148 0.000616316 0.000607998 0.000598216 0.000586993 0.000574355 0.000560334 0.000544963 0.00052828 0.000510323 0.000491137 0.000470768 0.000449265 0.000426679 0.000403066 0.000378481 0.000352985 0.000326638 0.000299505 0.00027165 0.00024314 0.000214045 0.000184434 0.000154379 0.000123952 9.32262e-05 6.22758e-05 3.11755e-05 7.78087e-20 -3.11755e-05 -6.22758e-05 -9.32262e-05 -0.000123952 -0.000154379 -0.000184434 -0.000214045 -0.00024314 -0.00027165 -0.000299505 -0.000326638 -0.000352985 -0.000378481 -0.000403066 -0.000426679 -0.000449265 -0.000470768 -0.000491137 -0.000510323 -0.00052828 -0.000544963 -0.000560334 -0.000574355 -0.000586993 -0.000598216 -0.000607998 -0.000616316 -0.000623148 -0.00062848 -0.000632297 -0.000634591 -0.000635356 -0.000634591 -0.000632297 -0.00062848 -0.000623148 -0.000616316 -0.000607998 -0.000598216 -0.000586993 -0.000574355 -0.000560334 -0.000544963 -0.00052828 -0.000510323 -0.000491137 -0.000470768 -0.000449265 -0.000426679 -0.000403066 -0.000378481 -0.000352985 -0.000326638 -0.000299505 -0.00027165 -0.00024314 -0.000214045 -0.000184434 -0.000154379 -0.000123952 -9.32262e-05 -6.22758e-05 -3.11755e-05 
0 3.30019e-05 6.59242e-05 9.86878e-05 0.000131214 0.000163423 0.000195239 0.000226585 0.000257385 0.000287564 0.000317051 0.000345774 0.000373665 0.000400655 0.000426679 0.000451676 0.000475585 0.000498348 0.00051991 0.00054022 0.000559229 0.00057689 0.000593161 0.000608004 0.000621382 0.000633262 0.000643618 0.000652422 0.000659655 0.000665299 0.00066934 0.000671768 0.000672579 0.000671768 0.00066934 0.000665299 0.000659655 0.000652422 0.000643618 0.000633262 0.000621382 0.000608004 0.000593161 0.00057689 0.000559229 0.00054022 0.00051991 0.000498348 0.000475585 0.000451676 0.000426679 0.000400655 0.000373665 0.000345774 0.000317051 0.000287564 0.000257385 0.000226585 0.000195239 0.000163423 0.000131214 9.86878e-05 6.59242e-05 3.30019e-05 8.23671e-20 -3.30019e-05 -6.59242e-05 -9.86878e-05 -0.000131214 -0.000163423 -0.000195239 -0.000226585 -0.000257385 -0.000287564 -0.000317051 -0.000345774 -0.000373665 -0.000400655 -0.000426679 -0.000451676 -0.000475585 -0.000498348 -0.00051991 -0.00054022 -0.000559229 -0.00057689 -0.000593161 -0.000608004 -0.000621382 -0.000633262 -0.000643618 -0.000652422 -0.000659655 -0.000665299 -0.00066934 -0.000671768 -0.000672579 -0.000671768 -0.00066934 -0.000665299 -0.000659655 -0.000652422 -0.000643618 -0.000633262 -0.000621382 -0.000608004 -0.000593161 -0.00057689 -0.000559229 -0.00054022 -0.00051991 -0.000498348 -0.000475585 -0.000451676 -0.000426679 -0.000400655 -0.000373665 -0.000345774 -0.000317051 -0.000287564 -0.000257385 -0.000226585 -0.000195239 -0.000163423 -0.000131214 -9.86878e-05 -6.59242e-05 -3.30019e-05 
0 3.47488e-05 6.94138e-05 0.000103912 0.000138159 0.000172074 0.000205574 0.000238579 0.000271009 0.000302786 0.000333834 0.000364077 0.000393444 0.000421863 0.000449265 0.000475585 0.000500759 0.000524727 0.000547431 0.000568816 0.00058883 0.000607427 0.000624559 0.000640187 0.000654273 0.000666783 0.000677686 0.000686957 0.000694573 0.000700515 0.00070477 0.000707327 0.00070818 0.000707327 0.00070477 0.000700515 0.000694573 0.000686957 0.000677686 0.000666783 0.000654273 0.000640187 0.000624559 0.000607427 0.00058883 0.000568816 0.000547431 0.000524727 0.000500759 0.000475585 0.000449265 0.000421863 0.000393444 0.000364077 0.000333834 0.000302786 0.000271009 0.000238579 0.000205574 0.000172074 0.000138159 0.000103912 6.94138e-05 3.47488e-05 8.67271e-20 -3.47488e-05 -6.94138e-05 -0.000103912 -0.000138159 -0.000172074 -0.000205574 -0.000238579 -0.000271009 -0.000302786 -0.000333834 -0.000364077 -0.000393444 -0.000421863 -0.000449265 -0.000475585 -0.000500759 -0.000524727 -0.000547431 -0.000568816 -0.00058883 -0.000607427 -0.000624559 -0.000640187 -0.000654273 -0.000666783 -0.000677686 -0.000686957 -0.000694573 -0.000700515 -0.00070477 -0.000707327 -0.00070818 -0.000707327 -0.00070477 -0.000700515 -0.000694573 -0.000686957 -0.000677686 -0.000666783 -0.000654273 -0.000640187 -0.000624559 -0.000607427 -0.00058883 -0.000568816 -0.000547431 -0.000524727 -0.000500759 -0.000475585 -0.000449265 -0.000421863 -0.000393444 -0.000364077 -0.000333834 -0.000302786 -0.000271009 -0.000238579 -0.000205574 -0.000172074 -0.000138159 -0.000103912 -6.94138e-05 -3.47488e-05 
0 3.64119e-05 7.27362e-05 0.000108885 0.000144772 0.00018031 0.000215413 0.000249998 0.00028398 0.000317278 0.000349812 0.000381503 0.000412275 0.000442054 0.000470768 0.000498348 0.000524727 0.000549842 0.000573633 0.000596041 0.000617014 0.0006365 0.000654453 0.000670829 0.000685589 0.000698697 0.000710123 0.000719837 0.000727817 0.000734044 0.000738503 0.000741182 0.000742076 0.000741182 0.000738503 0.000734044 0.000727817 0.000719837 0.000710123 0.000698697 0.000685589 0.000670829 0.000654453 0.0006365 0.000617014 0.000596041 0.000573633 0.000549842 0.000524727 0.000498348 0.000470768 0.000442054 0.000412275 0.000381503 0.000349812 0.000317278 0.00028398 0.000249998 0.000215413 0.00018031 0.000144772 0.000108885 7.27362e-05 3.64119e-05 9.08781e-20 -3.64119e-05 -7.27362e-05 -0.000108885 -0.000144772 -0.00018031 -0.000215413 -0.000249998 -0.00028398 -0.000317278 -0.000349812 -0.000381503 -0.000412275 -0.000442054 -0.000470768 -0.000498348 -0.000524727 -0.000549842 -0.000573633 -0.000596041 -0.000617014 -0.0006365 -0.000654453 -0.000670829 -0.000685589 -0.000698697 -0.000710123 -0.000719837 -0.000727817 -0.000734044 -0.000738503 -0.000741182 -0.000742076 -0.000741182 -0.000738503 -0.000734044 -0.000727817 -0.000719837 -0.000710123 -0.000698697 -0.000685589 -0.000670829 -0.000654453 -0.0006365 -0.000617014 -0.000596041 -0.000573633 -0.000549842 -0.000524727 -0.000498348 -0.000470768 -0.000442054 -0.000412275 -0.000381503 -0.000349812 -0.000317278 -0.00028398 -0.000249998 -0.000215413 -0.00018031 -0.000144772 -0.000108885 -7.27362e-05 -3.64119e-05 
0 3.79874e-05 7.58833e-05 0.000113596 0.000151036 0.000188111 0.000224734 0.000260815 0.000296267 0.000331006 0.000364948 0.00039801 0.000430114 0.000461181 0.000491137 0.00051991 0.000547431 0.000573633 0.000598452 0.00062183 0.000643711 0.00066404 0.000682769 0.000699854 0.000715253 0.000728928 0.000740848 0.000750983 0.000759308 0.000765805 0.000770456 0.000773252 0.000774184 0.000773252 0.000770456 0.000765805 0.000759308 0.000750983 0.000740848 0.000728928 0.000715253 0.000699854 0.000682769 0.00066404 0.000643711 0.00062183 0.000598452 0.000573633 0.000547431 0.00051991 0.000491137 0.000461181 0.000430114 0.00039801 0.000364948 0.000331006 0.000296267 0.000260815 0.000224734 0.000188111 0.000151036 0.000113596 7.58833e-05 3.79874e-05 9.48102e-20 -3.79874e-05 -7.58833e-05 -0.000113596 -0.000151036 -0.000188111 -0.000224734 -0.000260815 -0.000296267 -0.000331006 -0.000364948 -0.00039801 -0.000430114 -0.000461181 -0.000491137 -0.00051991 -0.000547431 -0.000573633 -0.000598452 -0.00062183 -0.000643711 -0.00066404 -0.000682769 -0.000699854 -0.000715253 -0.000728928 -0.000740848 -0.000750983 -0.000759308 -0.000765805 -0.000770456 -0.000773252 -0.000774184 -0.000773252 -0.000770456 -0.000765805 -0.000759308 -0.000750983 -0.000740848 -0.000728928 -0.000715253 -0.000699854 -0.000682769 -0.00066404 -0.000643711 -0.00062183 -0.000598452 -0.000573633 -0.000547431 -0.00051991 -0.000491137 -0.000461181 -0.000430114 -0.00039801 -0.000364948 -0.000331006 -0.000296267 -0.000260815 -0.000224734 -0.000188111 -0.000151036 -0.000113596 -7.58833e-05 -3.79874e-05 
0 3.94714e-05 7.88476e-05 0.000118034 0.000156936 0.00019546 0.000233513 0.000271003 0.000307841 0.000343937 0.000379204 0.000413558 0.000446916 0.000479197 0.000510323 0.00054022 0.000568816 0.000596041 0.00062183 0.000646122 0.000668857 0.00068998 0.000709441 0.000727193 0.000743194 0.000757403 0.000769789 0.000780319 0.00078897 0.00079572 0.000800553 0.000803458 0.000804427 0.000803458 0.000800553 0.00079572 0.00078897 0.000780319 0.000769789 0.000757403 0.000743194 0.000727193 0.000709441 0.00068998 0.000668857 0.000646122 0.00062183 0.000596041 0.000568816 0.00054022 0.000510323 0.000479197 0.000446916 0.000413558 0.000379204 0.000343937 0.000307841 0.000271003 0.000233513 0.00019546 0.000156936 0.000118034 7.88476e-05 3.94714e-05 9.85139e-20 -3.94714e-05 -7.88476e-05 -0.000118034 -0.000156936 -0.00019546 -0.000233513 -0.000271003 -0.000307841 -0.000343937 -0.000379204 -0.000413558 -0.000446916 -0.000479197 -0.000510323 -0.00054022 -0.000568816 -0.000596041 -0.00062183 -0.000646122 -0.000668857 -0.00068998 -0.000709441 -0.000727193 -0.000743194 -0.000757403 -0.000769789 -0.000780319 -0.00078897 -0.00079572 -0.000800553 -0.000803458 -0.000804427 -0.000803458 -0.000800553 -0.00079572 -0.00078897 -0.000780319 -0.000769789 -0.000757403 -0.000743194 -0.000727193 -0.000709441 -0.00068998 -0.000668857 -0.000646122 -0.00062183 -0.000596041 -0.000568816 -0.00054022 -0.000510323 -0.000479197 -0.000446916 -0.000413558 -0.000379204 -0.000343937 -0.000307841 -0.000271003 -0.000233513 -0.00019546 -0.000156936 -0.000118034 -7.88476e-05 -3.94714e-05 
0 4.08602e-05 8.1622e-05 0.000122187 0.000162458 0.000202337 0.000241729 0.000280539 0.000318673 0.000356039 0.000392547 0.00042811 0.000462641 0.000496058 0.00052828 0.000559229 0.00058883 0.000617014 0.000643711 0.000668857 0.000692391 0.000714258 0.000734404 0.000752781 0.000769344 0.000784054 0.000796875 0.000807776 0.000816731 0.000823719 0.000828722 0.000831729 0.000832732 0.000831729 0.000828722 0.000823719 0.000816731 0.000807776 0.000796875 0.000784054 0.000769344 0.000752781 0.000734404 0.000714258 0.000692391 0.000668857 0.000643711 0.000617014 0.00058883 0.000559229 0.00052828 0.000496058 0.000462641 0.00042811 0.000392547 0.000356039 0.000318673 0.000280539 0.000241729 0.000202337 0.000162458 0.000122187 8.1622e-05 4.08602e-05 1.0198e-19 -4.08602e-05 -8.1622e-05 -0.000122187 -0.000162458 -0.000202337 -0.000241729 -0.000280539 -0.000318673 -0.000356039 -0.000392547 -0.00042811 -0.000462641 -0.000496058 -0.00052828 -0.000559229 -0.00058883 -0.000617014 -0.000643711 -0.000668857 -0.000692391 -0.000714258 -0.000734404 -0.000752781 -0.000769344 -0.000784054 -0.000796875 -0.000807776 -0.000816731 -0.000823719 -0.000828722 -0.000831729 -0.000832732 -0.000831729 -0.000828722 -0.000823719 -0.000816731 -0.000807776 -0.000796875 -0.000784054 -0.000769344 -0.000752781 -0.000734404 -0.000714258 -0.000692391 -0.000668857 -0.000643711 -0.000617014 -0.00058883 -0.000559229 -0.00052828 -0.000496058 -0.000462641 -0.00042811 -0.000392547 -0.000356039 -0.000318673 -0.000280539 -0.000241729 -0.000202337 -0.000162458 -0.000122187 -8.1622e-05 -4.08602e-05 
0 4.21506e-05 8.41997e-05 0.000126046 0.000167589 0.000208727 0.000249363 0.000289399 0.000328737 0.000367283 0.000404944 0.00044163 0.000477252 0.000511724 0.000544963 0.00057689 0.000607427 0.0006365 0.00066404 0.00068998 0.000714258 0.000736815 0.000757598 0.000776555 0.000793641 0.000808815 0.000822041 0.000833287 0.000842525 0.000849733 0.000854894 0.000857996 0.000859031 0.000857996 0.000854894 0.000849733 0.000842525 0.000833287 0.000822041 0.000808815 0.000793641 0.000776555 0.000757598 0.000736815 0.000714258 0.00068998 0.00066404 0.0006365 0.000607427 0.00057689 0.000544963 0.000511724 0.000477252 0.00044163 0.000404944 0.000367283 0.000328737 0.000289399 0.000249363 0.000208727 0.000167589 0.000126046 8.41997e-05 4.21506e-05 1.05201e-19 -4.21506e-05 -8.41997e-05 -0.000126046 -0.000167589 -0.000208727 -0.000249363 -0.000289399 -0.000328737 -0.000367283 -0.000404944 -0.00044163 -0.000477252 -0.000511724 -0.000544963 -0.00057689 -0.000607427 -0.0006365 -0.00066404 -0.00068998 -0.000714258 -0.000736815 -0.000757598 -0.000776555 -0.000793641 -0.000808815 -0.000822041 -0.000833287 -0.000842525 -0.000849733 -0.000854894 -0.000857996 -0.000859031 -0.000857996 -0.000854894 -0.000849733 -0.000842525 -0.000833287 -0.000822041 -0.000808815 -0.000793641 -0.000776555 -0.000757598 -0.000736815 -0.000714258 -0.00068998 -0.00066404 -0.0006365 -0.000607427 -0.00057689 -0.000544963 -0.000511724 -0.000477252 -0.00044163 -0.000404944 -0.000367283 -0.000328737 -0.000289399 -0.000249363 -0.000208727 -0.000167589 -0.000126046 -8.41997e-05 -4.21506e-05 
0 4.33395e-05 8.65746e-05 0.000129601 0.000172316 0.000214615 0.000256397 0.000297561 0.000338009 0.000377642 0.000416366 0.000454087 0.000490713 0.000526158 0.000560334 0.000593161 0.000624559 0.000654453 0.000682769 0.000709441 0.000734404 0.000757598 0.000778966 0.000798458 0.000816026 0.000831628 0.000845227 0.00085679 0.000866289 0.0008737 0.000879007 0.000882196 0.00088326 0.000882196 0.000879007 0.0008737 0.000866289 0.00085679 0.000845227 0.000831628 0.000816026 0.000798458 0.000778966 0.000757598 0.000734404 0.000709441 0.000682769 0.000654453 0.000624559 0.000593161 0.000560334 0.000526158 0.000490713 0.000454087 0.000416366 0.000377642 0.000338009 0.000297561 0.000256397 0.000214615 0.000172316 0.000129601 8.65746e-05 4.33395e-05 1.08168e-19 -4.33395e-05 -8.65746e-05 -0.000129601 -0.000172316 -0.000214615 -0.000256397 -0.000297561 -0.000338009 -0.000377642 -0.000416366 -0.000454087 -0.000490713 -0.000526158 -0.000560334 -0.000593161 -0.000624559 -0.000654453 -0.000682769 -0.000709441 -0.000734404 -0.000757598 -0.000778966 -0.000798458 -0.000816026 -0.000831628 -0.000845227 -0.00085679 -0.000866289 -0.0008737 -0.000879007 -0.000882196 -0.00088326 -0.000882196 -0.000879007 -0.0008737 -0.000866289 -0.00085679 -0.000845227 -0.000831628 -0.000816026 -0.000798458 -0.000778966 -0.000757598 -0.000734404 -0.000709441 -0.000682769 -0.000654453 -0.000624559 -0.000593161 -0.000560334 -0.000526158 -0.000490713 -0.000454087 -0.000416366 -0.000377642 -0.000338009 -0.000297561 -0.000256397 -0.000214615 -0.000172316 -0.000129601 -8.65746e-05 -4.33395e-05 
0 4.4424e-05 8.8741e-05 0.000132844 0.000176627 0.000219985 0.000262813 0.000305007 0.000346467 0.000387092 0.000426785 0.000465449 0.000502992 0.000539323 0.000574355 0.000608004 0.000640187 0.000670829 0.000699854 0.000727193 0.000752781 0.000776555 0.000798458 0.000818437 0.000836445 0.000852438 0.000866377 0.000878229 0.000887966 0.000895563 0.000901002 0.000904271 0.000905362 0.000904271 0.000901002 0.000895563 0.000887966 0.000878229 0.000866377 0.000852438 0.000836445 0.000818437 0.000798458 0.000776555 0.000752781 0.000727193 0.000699854 0.000670829 0.000640187 0.000608004 0.000574355 0.000539323 0.000502992 0.000465449 0.000426785 0.000387092 0.000346467 0.000305007 0.000262813 0.000219985 0.000176627 0.000132844 8.8741e-05 4.4424e-05 1.10875e-19 -4.4424e-05 -8.8741e-05 -0.000132844 -0.000176627 -0.000219985 -0.000262813 -0.000305007 -0.000346467 -0.000387092 -0.000426785 -0.000465449 -0.000502992 -0.000539323 -0.000574355 -0.000608004 -0.000640187 -0.000670829 -0.000699854 -0.000727193 -0.000752781 -0.000776555 -0.000798458 -0.000818437 -0.000836445 -0.000852438 -0.000866377 -0.000878229 -0.000887966 -0.000895563 -0.000901002 -0.000904271 -0.000905362 -0.000904271 -0.000901002 -0.000895563 -0.000887966 -0.000878229 -0.000866377 -0.000852438 -0.000836445 -0.000818437 -0.000798458 -0.000776555 -0.000752781 -0.000727193 -0.000699854 -0.000670829 -0.000640187 -0.000608004 -0.000574355 -0.000539323 -0.000502992 -0.000465449 -0.000426785 -0.000387092 -0.000346467 -0.000305007 -0.000262813 -0.000219985 -0.000176627 -0.000132844 -8.8741e-05 -4.4424e-05 
0 4.54014e-05 9.06935e-05 0.000135767 0.000180514 0.000224825 0.000268595 0.000311718 0.00035409 0.000395609 0.000436175 0.00047569 0.000514059 0.00055119 0.000586993 0.000621382 0.000654273 0.000685589 0.000715253 0.000743194 0.000769344 0.000793641 0.000816026 0.000836445 0.000854849 0.000871194 0.00088544 0.000897553 0.000907503 0.000915267 0.000920827 0.000924168 0.000925282 0.000924168 0.000920827 0.000915267 0.000907503 0.000897553 0.00088544 0.000871194 0.000854849 0.000836445 0.000816026 0.000793641 0.000769344 0.000743194 0.000715253 0.000685589 0.000654273 0.000621382 0.000586993 0.00055119 0.000514059 0.00047569 0.000436175 0.000395609 0.00035409 0.000311718 0.000268595 0.000224825 0.000180514 0.000135767 9.06935e-05 4.54014e-05 1.13314e-19 -4.54014e-05 -9.06935e-05 -0.000135767 -0.000180514 -0.000224825 -0.000268595 -0.000311718 -0.00035409 -0.000395609 -0.000436175 -0.00047569 -0.000514059 -0.00055119 -0.000586993 -0.000621382 -0.000654273 -0.000685589 -0.000715253 -0.000743194 -0.000769344 -0.000793641 -0.000816026 -0.000836445 -0.000854849 -0.000871194 -0.00088544 -0.000897553 -0.000907503 -0.000915267 -0.000920827 -0.000924168 -0.000925282 -0.000924168 -0.000920827 -0.000915267 -0.000907503 -0.000897553 -0.00088544 -0.000871194 -0.000854849 -0.000836445 -0.000816026 -0.000793641 -0.000769344 -0.000743194 -0.000715253 -0.000685589 -0.000654273 -0.000621382 -0.000586993 -0.00055119 -0.000514059 -0.00047569 -0.000436175 -0.000395609 -0.00035409 -0.000311718 -0.000268595 -0.000224825 -0.000180514 -0.000135767 -9.06935e-05 -4.54014e-05 
0 4.62695e-05 9.24276e-05 0.000138363 0.000183965 0.000229124 0.000273731 0.000317678 0.00036086 0.000403173 0.000444515 0.000484785 0.000523888 0.000561729 0.000598216 0.000633262 0.000666783 0.000698697 0.000728928 0.000757403 0.000784054 0.000808815 0.000831628 0.000852438 0.000871194 0.000887851 0.000902369 0.000914714 0.000924855 0.000932767 0.000938433 0.000941838 0.000942974 0.000941838 0.000938433 0.000932767 0.000924855 0.000914714 0.000902369 0.000887851 0.000871194 0.000852438 0.000831628 0.000808815 0.000784054 0.000757403 0.000728928 0.000698697 0.000666783 0.000633262 0.000598216 0.000561729 0.000523888 0.000484785 0.000444515 0.000403173 0.00036086 0.000317678 0.000273731 0.000229124 0.000183965 0.000138363 9.24276e-05 4.62695e-05 1.15481e-19 -4.62695e-05 -9.24276e-05 -0.000138363 -0.000183965 -0.000229124 -0.000273731 -0.000317678 -0.00036086 -0.000403173 -0.000444515 -0.000484785 -0.000523888 -0.000561729 -0.000598216 -0.000633262 -0.000666783 -0.000698697 -0.000728928 -0.000757403 -0.000784054 -0.000808815 -0.000831628 -0.000852438 -0.000871194 -0.000887851 -0.000902369 -0.000914714 -0.000924855 -0.000932767 -0.000938433 -0.000941838 -0.000942974 -0.000941838 -0.000938433 -0.000932767 -0.000924855 -0.000914714 -0.000902369 -0.000887851 -0.000871194 -0.000852438 -0.000831628 -0.000808815 -0.000784054 -0.000757403 -0.000728928 -0.000698697 -0.000666783 -0.000633262 -0.000598216 -0.000561729 -0.000523888 -0.000484785 -0.000444515 -0.000403173 -0.00036086 -0.000317678 -0.000273731 -0.000229124 -0.000183965 -0.000138363 -9.24276e-05 -4.62695e-05 
